00000100000011111011011000010101000101001011100010111110110000001111110111100000000111111110010110011011001110000000000000111110
00101100011010110101110100101010110111110000000101101001111000101001100011001100000100101000100001101001001101110000110111111000
11011010010001001001010001111100000111010111001111101011101000111111111010000111101100101110011111110011111010111101110110111001
01110111011111111101001100011110101111101100111000000100011101101011000010011011011101000101011101100001010111101100110100111101
01110000101001001000010101001011011101100111100011010100110101111011100010010100001010010111010000101000111111111000000000110001
00000100111111110110100011000001110000001011101101010100011010100001101010101011010001110101001110111100000111101110111111111111
11001110001011101100010000111001111101110101001100100011101000011011010000001100111001100111010011111100111110110101111001001000
11111110001000010001000011010000001000000110101000101100000001011111011110010001110001110000010011000110011010010101110000101010
01111001110000011100001100010000001100101011111011010100010100001100111010010001100001000010101111110100110001001010100100001010
11010000100010001100111011111101110110110110110101011101011011001000100111111011101001110101000100101100001101011000111011111111
11110110011011111011011000010011110000011011001001110110001110111001000101000110010001010110110010101010110100110000011110000010
10101000111101000100010111110011001011100111100110101011010111000000001000100111100000100011110011111001100011011101001101110110
01011110000111001101011010011101010011111111100101110100011100011100011110011101101011110110000010101001111101010000001001110001
11000111010110001100001010011101010100110101010110111110001101100100110011101001110101110011000011100101010001111001011100111001
10010101111110111000110100010011000001001000110101001100010100111100111111111110000010010010101000110010111111101100110001110100
00111101111011011101110100001101010100000010100000101101001010100110100010100110011011110110110000010000100010101000100110100001
11010100010111000010001100001111100111100110010010101110000001111001101100110101011110000011101101011110000000001110101010101110
10100110000010000011010101011111010101101100000010101101111000001000111100101011001011101111110010100001100011001111000010110100
10101111011011010000001000000010010110010110001110100000111111010000100001001011000100011000011010100101111111101100111011100100
00011100010111110001011101110011110011000011011000011000110110001111001111100100100101010011000110011010011001101011111111101101
11111100100111101011101011010101010100001010111110111010110101100010000001001101001111011100100010010100100110000111100001110010
00000101001100011001001101101101010010111010110010010010010100100000110011001010111110011101110011011100111101101110001011000110
10011111011011101010100101101101010001111101111101010001110001001001010100011011111001111100011011001000000010110110011000110010
10010100110111001110010001111011111000100100010111111101000000100100000000111011100110110011001011101010101101000101110001011111
11111111100010000011100101111101010001001111000101101111101011110000101101000001010011001011010101110010000001111011000100110001
11000011110000101100101000000110010010111000111010001111011011001000011110010011110000010000011011101010111111101110010011001000
10011000001111111001001001011000100010010010101001101100111000100001001110111100111011010111010110101010001111100101100110111010
11110011001111100001100101011111000010000000110000101100101111000001100101010101001010101111101010011011101101010000000110101100
00011011011101011011000111100111010010011010101110000000011011110011001010101101001110001000000010011101001101111101101001100010
10100101111011110111110110100110000101110101000111110001010010011111111001111101101000101011101011100111111011101000011101111010
01101110001011010100110010110011110010111111101000001111111111001101001001001010111101110101000100001011001011000010011101000000
11010011001100100001110110000010111100110001001101001010101110001110100001101110010001010100100010111000011011110011010000000100
11011111100101100011001010001000100101000000011110111000010111110010110001100001111010001011011000000001111111111110101010000000
11000011000000000001111010101111110000110000010010001010110101000001011010101100001101010100111011100101000010111011101001111110
11001000011100001110100011010001010010111110011010100000010101110001110100110100010111001000101001111110100100101001101001010010
01010011001001001011100001011000110000100010111110110011000110100101101100110001000001010001101000010111001110010001010110011101
01101101001110111011101000111001111100101100101110010000100100010011101111110001101001110101110001110010011110100101110110001001
01101000011101011010010111010010101001100100010100101101011011011010101001110101011000010000000101101001110010110011110111101001
00110111100000111101110001010101111011001111111110100111001011100111110111010001101111100001110000111000001101110001010110110011
10111000001001111011011101101001001110010111001111011100000010000110000010001101011010111100010000000111100000100111001001101010
10100001011101000000010110000100110001111111100111110010010100010110000000101011101110011000001110110100110000100000100011000110
10010101111110000111101011011111100111100011101110001100011011100111010110111100010010000000111100111100100000111000100100110111
00010001101111100010101100101101101010010100111110001000000101001001100100111000011001111010101000101111010101100010111011101000
01100000001010001011100001111111000101111111110000001110110101010010000111011010111110110011101111001000110100011101011101001010
00000101111011111111111110111010101111011100000100011000000101100001010011010011001110010010010010000101011110001100101000110000
01010111010011101010000111110111100011000000000010100101110001000100011111001001011101000110001000101011010000001011100111101000
01010000110100001110100000101010001010111101100100111000010011011110111010011010100111000111110011000000111110011110000110001001
10111001101110010001111011010011011101101000101001111110001010011101100000100110101001110010010011101001110111000001010000111010
11111101101110011010101111101100010100100010001001011001110101010100111001100001101010011100101011110001000011110010011101101010
01111011001001111011001000100001111001001101001011010001011010000111000000001111100010100101000000111010011101100000000110101000
10110010110110010100011000000100011010101010001110110111010011000000000011011000110001010011000010100110100101110001001100010100
01101110011010000101110000000110110110101101000111000110010100111100011001010001001000110010000000001001100101001000001001001001
00100101110110000110101111010111111011000011111110101101010111111000010100101100011010011011000000100110111011111101100100000000
00101111000110011101101101110000101000001011001001101111011010001010111100001001111011100110001010110001101000110100001011110010
00110110001100000011011001110111001001111010100011101101110110111100010010111100011101101011010010100100100111110010000001011111
10111110001101010001001111011001111111111001101000000111101000110100100001101010110111111011111010101000101001011011011101111001
11111001000011010010111001010010000001001000101100100111100011010000010000011111101000010110000010001001110101100010000000001000
00010100101101101001100110011101100001011001101001100010101001111111101000101010100111010111011101101010111001010101101110010010
00001010001100011011101011000111101011011100000010111001101001000110010010110111111010011101011101010001100000101111010011111100
01001100010001111100010101010011100100011001111100111110110101101101011101111101100101101010010110101101111010111000101100101111
10101111100100011000001011101000100110011100100100011011011110010001101000001010001100011011100010000110110000001001011000101111
00101110010101010111101010111101101111110000001000110111010010111011100011000101111010110010101001101010110110000001011001100101
01101101010110101010101110001011001110001001110101000001110000111011010010111011101111110011110000011110010101000010001011010100
00100100110110000010011100010100011101110101000001101010000101111101101010000000000011001110110100001010100101011101011001100111
00101001001111100111111110010101111000010001011111111111101111000100010011001010110111011100001101011100101100010100011001110011
00011100001101001000110000100001000111001000110000111010011001111110111001111101111010100110011001000001001100001110001011000100
10010100111100101001110101011110100110011001111000000011111100110101111010101011010101100110010110101001011100111101011110011001
10011011110011011000001100110111101110011010111000001011001000011011100000111011101010001011110000001000000010101010100111100011
11101101010111001010101100010100100110101101010011110000001110000000010110100110111011111011110010010010111001100001011100011011
11010100110111000100110101000101100000100111000100000001001100100010110011101110001001110101101011100001100010110001100100001100
11001100110010100111000110010011001010100100111100111011000011000111000100001101110100011100011101111010110001110010111001001111
00111110010010010111111111110100001001110111001110011010101100110111101110101100111011100111101001111011001110110101010111010111
00111000101101011110110000110100111000010110011101101010110100110100010101111001011100010011111100111100000111001111111011000110
11000100011100100001001111000001000111111110111001101111111001111000010011000100001101111001101001110011101100111011001010000010
11110110110101110010010100011100110001011000101101010111110111100010110001111011101000101100010001110110001011000111010011000000
10000110110111100011011100001000010010101100010011100111100101101011101000100100101111111010001010011101011101100011010111000101
00001011111000011001111111111111101111011011010001110100100111101111010111100101010001001100001101101100010000100001101111001011
11100001000101101010001010010011111101101101111101010000100100111001101001000001101101001111000111000011111001011011011100100011
11010111000001010000101111011001100011110010010111011110011110000010011100111010110100111010000011001010101101111100100111010110
01100110010111111011010110011001111111010100100111001000101010000000001111001110101010111111010010001011000010110110100110111010
01011101010011100101001011111111111010110101101100001000000011011001111101101111111010111101111100010111001001010101111010100011
01001001110010100000100000000111011100010011100001110101110110010100001110100101111011010010010100101011001011110110101100101000
00111101001111100001111100010110000101110001011100001001100100111101010100010011011010100000010110100010110101111101011110011011
11111100010010110111101101100000111001011011001011100010111111111110000010010101100100101010001011000100011001111111011111110111
10011111100000000010011100010110111011100110011010111001001011000111011000011001000010010010001111101101010010110000100111011001
00110101100111010101111001000011001010111011001101101111000000110000111100101010110100111010111111111100100001101110100010001010
00011001010000101001001000010001001101110101010011010101010101101111010001100100000011000100100100000111011010111011000100110000
10100111000101100001000110000000110101000110101011010010100010001111011001100111110011000001110000000101000101110011100010101111
00001111011111000100100100111111100001011011111001010100111111111110100000101011110000111000011001111001110111101100001101110111
11010011010000101001111101010110000001011110101010011001110110000101110100010110000101100001001000101111110100111101011110010010
01110001101010111010111110111001000111110001100100110000001011000001001000001001010001001111111010010000101111100010110101110100
01111100100111000000110000001010101001110011100000011010110011111100111001111011110100001101100000001111111001101010101001010010
11011110000011001010001011001010101011010111111100011011011110001011011011010011010010000110100011111000010110111011111101010010
10111011011011110000111110011111101010010110110011100011111001101100011110111110100011101001001011110111101100011101011001110001
11101010100001100110000010010100110011101110011110001001101000110110001011001110011110101100010100100000110001000111111100010011
01101111101011001001000111100100111101010010100111111101010010000100110100101001010000011110111011010001101010101111000010011111
10010000010001011110001001000001001100110110001010110110110100011011101110011111111101110110011010111111011001001001111010110000
01100001110111011101010100111101010000010010111011101010111100001001110111010000000011000100000010100100111000010001100101111100
11000010101101000100100010001111011101110001011011100110001101101111010111010011101000111010010101011011110001000001100010100111
01001001000001100000111111110000010000110001110110101000001011010101110011001010011100011111110100110000010000001011001110110010
01010000100000001111000001101000000110100101111111001110101000011010111010001001111011000010110011111111001010101101011110000111
11001000111010101010111011011001011011000101111110110001011110010111010000010101101011111101011000010100111111100010000101111101
10011110111000110010010101111010001100010011011001011011010011101011001001011110011001011100110111111010010101100010010011111100
00111111010110100001100110110011111100110000110011001100011111110011100100010001001010010000111110001101111010111000001101101000
01001001001110100001001011100101001011010110011000001110110000101110100011111101000110000101011010100011100010000011101101001000
00010110100111101011111100000011010110000010111101110110110000101101010011110100101110001010011010101110111101100001011010000111
00100100011100111111110101101011111100000010111001110101110100100101010100011010111111101011010110011110010110100111110000000100
10010001000010101000111101100000101011101011000110010011011010111100101101101001001101100111011101011001100000000000011110101110
01110001000001111010000101101011011001010100101000001001000001000011001010000101111110100000100100110101100010010001110101111011
01010000011101011101010101011110111010011110101001101000001010111100010000111101010101010001010010000101110000000010100000111011
10011011110011000111110101100000000000011000110011111001100010011100000110001101100001010111000111001111000010111011110001110111
10101110100010110011101000000011001100010100011101111101011101001101001100011111010101100111111001011100001100100010001011001011
11001111100010100100111100010011101110001101001000110011110111101011100010001010111110010001011001010000101110110000111110100111
11011110010111011111010100001000111000000101110010000101110000000101100011111010111010110111010001000001011111100111100111111100
11101111100101101010111101101011100001001101011001111101111110111100011111101011000000110111001001101000101111001101110100111101
00110110010111001111001010110010100010001111010000110000100100110110100011001011000000001010101101001111001111110110101011100111
00100110101011111010000101111001011001010010110010100110000000111110000000110000011010001111000000111011010100011001001100001100
11010111000000111000000110101010010000101010110111110010111100101111000001011000010010110101111000101101000101110001101110001100
10011000101110100100111101000010100101100101101011010000010011101011101110001110010000101111000111000100000110001011000010010111
00110000111100110100001111100100001110101011111000000101010110011100010111010000101110111011010111000110011001001001101110011110
01011100111010110011111000111011110000101111010001100000100111101000000101010011010101010101101100011110000011110010001010010101
01011101000001001100011100100111011110100101000101001101001100010111111001001001110000001110110000110111111111010100101001110101
00001110001011010110110001010001100111010100110010011110100010111111001100100001101010010000111100101001110000000101010100010010
10000010001111110100010001011101111001010100010011100000000000110001100000010111011111000001111001000100110011111000010110000101
11001001100001110000000101000111011111011011001000100000111111110000101010110000111111110100100010010001110110110000010101011010
00111101101011100101001111100111100110010011011001111110101100000100111011001111111101100110111010011011100010100111100000110110
10011111110001010011100101110001001010000111111110110001101100101111101100000000010010100111100010001010110010011010000101101101
00110010100011000001011110000111000111111000011111110001001001111010100111000001111000110100100110100101001111101000101010110011
